1
2
3
4
5
6
7
8
9
10
11
12
13
14
15
16
19
20
21
22
23
24
25
26
27
28
29
30
31
32
33
34
35
36
37
38
39
40
41
42
43
44
48
46
47
45
49
54
55
56
57
58
59
60
61
62
63
64
65
66
67
71
69
70
68
72
73
74
80
78
79
77
81
82
83
84
85
86
87
88
89
90
91
94
95
96
97
98
99
100
101
102
103
104
105
106
107
118
122
123
124
125
126
127
128
129
130
131
132
133
134
135
136
137
139
141
142
143
144
145
146
147
148
150
151
152
153
154
155
156
157
158
159
160
161
162
163
164
165
166
167
168
169
170
171
172
173
174
175
176
177
178
179
180
181
182
183
184
185
186
187
188
189
190
191
192
193
194
195
196
197
198
199
200
201
202
203
204
205
206
207
208
209
210
213
214
215
216
217
218
219
220
221
222
223
224
225
226
227
228
229
230
231
232
233
234
235
236
237
238
239
240
241
242
243
244
245
246
247
248
249
250
251
253
254
259
260
261
262
263
264
265
266
267
268
269
270
271
272
273
274
275
276
277
278
279
280
281
282
283
284
285
286
287
288
289
290
291
292
293
294
295
296
297
298
299
300
301
302
303
304
305
306
307
308
309
310
311
312
313
314
315
316
317
318
319
320
321
322
323
324
325
326
327
328
329
330
331
332
333
334
335
336
337
338
339
340
341
342
343
344
345
346
347
348
349
350
351
352
353
354
355
356
357
358
359
360
361
362
363
364
365
366
367
368
369
370
371
372
373
374
375
376
377
378
379
380
381
382
383
384
385
386
387
388
389
390
391
392
393
394
395
396
397
398
399
400
401
402
403
404
405
406
407
408
410
411
412
413
414
415
416
417
418
419
420
421
422
423
424
425
426
427
428
429
430
431
432
433
434
435
436
437
438
439
440
441
442
443
444
445
446
447
448
449
450
451
452
453
454
455
456
457
458
459
460
461
462
463
464
465
466
467
468
469
470
471
472
473
474
475
476
477
478
479
480
481
482
483
484
485
486
487
488
489
490
491
492
493
494
495
496
497
498
499
500
501
502
503
504
505
506
507
508
509
510
511
512
513
514
515
516
517
518
519
520
521
522
523
524
525
526
527
528
529
530
531
532
533
534
535
536
537
538
539
540
541
542
543
544
545
546
547
548
549
550
551
552
553
554
555
556
557
558
559
560
561
562
563
564
565
566
567
568
569
570
571
572
573
574
575
576
577
578
579
580
581
582
583
584
585
586
587
588
589
590
591
592
593
594
595
596
597
598
599
600
601
602
603
604
605
606
607
608
609
610
611
612
613
614
615
616
617
618
619
620
621
622
623
624
625
626
627
628
629
630
631
632
633
634
635
636
637
638
639
640
641
642
643
644
645
646
647
648
649
650
651
652
653
654
655
656
657
658
659
660
661
662
663
664
665
666
667
668
669
670
671
672
673
674
675
676
677
678
679
680
681
682
683
684
685
686
687
688
689
690
691
692
693
694
695
696
697
698
699
700
701
702
703
704
705
706
707
708
709
710
711
712
713
714
715
716
717
718
719
720
721
722
723
724
725
726
727
728
729
730
731
732
733
734
735
736
737
738
739
740
741
742
743
744
745
746
747
748
749
750
751
752
753
754
755
756
757
758
759
760
761
762
763
764
765
766
767
768
769
770
771
772
773
774
775
776
777
778
779
780
781
782
783
784
785
786
787
788
789
790
791
792
793
794
795
796
797
798
799
800
801
802
803
804
805
806
807
808
809
810
811
812
813
814
815
816
817
818
819
820
821
822
823
824
825
826
827
828
829
830
831
832
833
834
835
836
837
838
839
840
841
842
843
844
845
846
847
848
849
850
851
852
853
854
855
856
857
858
859
860
861
862
863
864
865
866
867
868
869
870
871
872
873
874
875
876
877
878
879
880
881
882
883
884
885
886
887
888
889
890
891
892
893
894
895
896
897
898
899
900
901
902
903
904
905
906
907
908
909
910
911
912
913
914
915
916
917
918
919
920
921
922
923
924
925
926
927
928
929
930
931
932
933
934
935
936
937
938
939
940
941
942
943
944
945
946
947
948
949
950
951
952
953
954
955
956
957
958
959
960
961
962
963
964
965
966
967
968
969
970
971
972
973
974
975
976
977
978
979
980
981
982
983
984
985
986
987
988
989
990
991
992
993
994
995
996
997
998
999
1000
1001
1002
1003
1004
1005
1006
1007
1008
1009
1010
1011
1012
1013
1014
1015
1016
1017
1018
1019
1020
1021
1022
1023
1024
1025
1026
1027
1028
1029
1030
1031
1032
1033
1034
1035
1036
1037
1038
1039
1040
1041
1042
1043
1044
1045
1046
1047
1048
1049
1050
1051
1052
1053
1054
1055
1056
1057
1058
1059
1060
1061
1062
1063
1064
1065
1066
1067
1068
1069
1070
1071
1072
1073
1074
1075
1076
1077
1078
1079
1080
1081
1082
1083
1084
1085
1086
1087
1088
1089
1090
1091
1092
1093
1094
1095
1096
1097
1098
1099
1100
1101
1102
1103
1104
1105
1106
1107
1108
1109
1110
1111
1112
1113
1114
1115
1116
1117
1118
1119
1120
1121
1122
1123
1124
1125
1126
1127
1128
1129
1130
1131
1132
1133
1134
1135
1136
1137
1138
1139
1140
1141
1142
1143
1144
1145
1146
1147
1148
1149
1150
1151
1152
1153
1154
1155
1156
1157
1158
1159
1160
1161
1162
1163
1164
1165
1166
1167
1168
1169
1170
1171
1172
1173
1174
1175
1176
1177
1178
1179
1180
1181
1182
1183
1184
1185
1186
1187
1188
1189
1190
1191
1192
1193
1194
1195
1196
1197
1198
1199
1200
1201
1202
1203
1204
1205
1206
1207
1208
1209
1210
1211
1212
1213
1214
1215
1216
1217
1218
1219
1220
1221
1222
1223
1224
1225
1226
1227
1228
1229
1230
1231
1232
1233
1234
1235
1236
1237
1238
1239
1240
1241
1242
1243
1244
1245
1246
1247
1248
1249
1250
1251
1252
1253
1254
1255
1256
1257
1258
1259
1260
1261
1262
1263
1264
1265
1266
1267
1268
1269
1270
1271
1272
1273
1274
1275
1276
1277
1278
1279
1280
1281
1282
1283
1284
1285
1287
1288
1289
1290
1291
1292
1293
1294
1295
1296
1297
1298
1299
1300
1301
1302
1303
1304
1305
1306
1307
1308
1309
1310
1311
1312
1313
1314
1315
1316
1317
1318
1319
1320
1321
1322
1323
1324
1325
1326
1327
1328
1329
1330
1331
1332
1333
1334
1335
1336
1337
1338
1339
1340
1341
1342
1343
1344
1345
1346
1347
1348
1349
1350
1351
1352
1353
1354
1355
1356
1357
1358
1359
1360
1361
1362
1363
1364
1365
1366
1367
1368
1369
1370
1371
1372
1373
1374
1375
1376
1377
1378
1379
1380
1381
1382
1383
1384
1385
1386
1387
1388
1389
1390
1391
1392
1393
1394
1395
1396
1397
1398
1399
1400
1401
1402
1403
1404
1405
1406
1407
1408
1409
1410
1411
1412
1413
1414
1415
1416
1417
1418
1419
1420
1421
1422
1423
1424
1425
1426
1427
1428
1429
1430
1431
1432
1433
1434
1435
1436
1437
1438
1439
1440
1441
1442
1443
1444
1445
1446
1447
1448
1449
1450
1451
1452
1453
1454
1455
1456
1457
1458
1459
1460
1461
1462
1463
1464
1465
1466
1467
1468
1469
1470
1471
1472
1473
1474
1475
1476
1477
1478
1479
1480
1481
1482
1483
1484
1485
1486
1487
1488
1489
1490
1491
1492
1493
1494
1495
1496
1497
1498
1499
1500
1501
1502
1503
1504
1505
1506
1507
1508
1509
1510
1511
1512
1513
1514
1515
1516
1517
1518
1519
1520
1521
1522
1523
1524
1525
1526
1527
1528
1529
1530
1531
1532
1533
1534
1535
1536
1537
1538
1539
1540
1541
1542
1543
1544
1545
1546
1547
1548
1549
1550
1551
1552
1553
1554
1555
1556
1557
1558
1559
1560
1561
1562
1563
1564
1565
1566
1567
1568
1569
1570
1571
1572
1583
1584
1585
1586
1587
1588
1589
1590
1591
1592
1594
1595
1596
1597
1598
1599
1600
1601
1602
1603
1604
1605
1606
1607
1608
1609
1610
1611
1612
1613
1614
1626
1627
1628
1629
1630
1633
1634
1635
1636
1637
1638
1639
1641
1642
1643
1644
1645
1646
1647
1648
1649
1650
1651
1652
1653
1654
1655
1656
1657
1658
1660
1661
1662
1663
1664
1665
1666
1667
1668
1669
1671
1672
1673
1674
1675
1676
1677
1678
1679
1680
1681
1682
1683
1684
1685
1686
1687
1688
1689
1690
1691
1692
1693
1694
1695
1696
1697
1698
1699
1700
1701
1702
1703
1704
1705
1706
1707
1708
1714
1715
1716
1717
1718
1719
1720
1721
1722
1723
1724
1725
1726
1727
1728
1729
1730
1731
1732
1733
1734
1735
1736
1737
1738
1739
1740
1741
1742
1743
1744
1745
1746
1747
1748
1749
1750
1751
1752
1753
1754
1755
1756
1757
1758
1759
1760
1761
1762
1763
1764
1765
1766
1767
1768
1769
1770
1771
1772
1773
1774
1775
1776
1777
1778
1779
1780
1781
1782
1783
1784
1785
1786
1787
1788
1789
1790
1791
1792
1793
1794
1795
1796
1797
1798
1799
1800
1801
1802
1803
1804
1805
1806
1807
1808
1809
1810
1811
1814
1815
1816
1817
1818
1819
1820
1821
1822
1823
1824
1826
1827
1828
1829
1830
1831
1832
1833
1834
1835
1836
1837
1838
1839
1840
1841
1842
1843
1844
1845
1846
1847
1848
1849
1850
1851
1852
1853
1854
1855
1856
1857
1858
1859
1860
1861
1862
1863
1864
1865
1866
1867
1868
1869
1870
1871
1872
1873
1874
1875
1876
1877
1878
1879
1880
1881
1882
1883
1884
1885
1886
1887
1888
1889
1890
1891
1892
1893
1894
1895
1896
1897
1898
1899
1900
1901
1902
1903
1904
1905
1906
1907
1908
1909
1910
1911
1912
1913
1914
1915
1916
1917
1918
1919
1920
1921
1922
1923
1924
1925
1926
1927
1928
1929
1930
1931
1932
1933
1934
1935
1936
1937
1938
1939
1940
1941
1942
1943
1944
1945
1946
1947
1948
1949
1950
1951
1952
1953
1954
1955
1956
1957
1958
1959
1960
1961
1962
1963
1964
1965
1966
1967
1968
1969
1970
1971
1972
1973
1974
1975
1977
1978
1979
1980
1981
1982
1983
1984
1985
1986
1987
1988
1989
1990
1991
1992
1993
1994
1995
1996
1997
1998
1999
2000
2001
2002
2003
2004
2005
2006
2007
2008
2009
2010
2011
2012
2013
2014
2015
2016
2017
2018
2019
2020
2021
2022
2023
2024
2025
2026
2027
2028
2029
2030
2031
2032
2033
2034
2035
2036
2037
2038
2039
2040
2041
2042
2043
2044
2045
2046
2047
2048
2049
2050
2051
2052
2053
2054
2055
2056
2057
2058
2059
2060
2061
2062
2063
2064
2065
2066
2067
2068
2069
2070
2071
2072
2073
2074
2075
2076
2077
2078
2079
2080
2081
2082
2083
2084
2085
2086
2087
2088
2089
2090
2091
2092
2093
2094
2095
2096
2097
2098
2099
2100
2101
2102
2103
2104
2105
2106
2107
2108
2109
2110
2111
2112
2113
2114
2115
2116
2117
2118
2119
2120
2121
2122
2123
2124
2125
2126
2127
2128
2129
2130
2131
2132
2133
2134
2135
2136
2137
2138
2139
2140
2141
2142
2143
2144
2145
2146
2147
2148
2149
2150
2151
2152
2153
2154
2155
2156
2157
2158
2159
2160
2161
2162
2163
2164
2165
2166
2167
2168
2169
2170
2171
2172
2173
2174
2175
2176
2177
2178
2179
2180
2181
2182
2183
2184
2185
2186
2187
2188
2189
2190
2191
2192
2193
2194
2195
2196
2197
2198
2199
2200
2201
2202
2203
2204
2205
2206
2207
2208
2209
2210
2211
2212
2213
2214
2215
2216
2217
2218
2219
2220
2221
2222
2223
2224
2225
2226
2227
2228
2229
2230
2231
2232
2233
2234
2235
2236
2237
2238
2239
2240
2241
2242
2243
2244
2245
2246
2247
2248
2249
2250
2251
2252
2253
2254
2255
2256
2257
2258
2259
2260
2261
2262
2263
2264
2265
2266
2267
2268
2269
2270
2271
2272
2273
2274
2275
2276
2277
2278
2279
2280
2281
2282
2283
2284
2285
2286
2287
2288
2289
2290
2291
2292
2293
2294
2295
2296
2297
2298
2299
2300
2301
2302
2303
2304
2305
2306
2307
2308
2309
2310
2311
2312
2313
2314
2315
2316
2317
2318
2319
2320
2321
2322
2323
2324
2325
2326
2327
2328
2329
2330
2331
2332
2333
2334
2335
2336
2337
2338
2339
2340
2341
2342
2343
2344
2345
2346
2347
2348
2349
2350
2351
2352
2353
2354
2355
2356
2357
2358
2359
2360
2361
2362
2363
2364
2365
2366
2367
2368
2369
2370
2371
2372
2373
2374
2375
2376
2377
2378
2379
2380
2381
2382
2383
2384
2385
2386
2387
2388
2389
2390
2391
2392
2393
2394
2395
2396
2397
2398
2399
2400
2401
2402
2403
2404
2405
2406
2407
2408
2409
2410
2411
2412
2413
2414
2415
2416
2417
2418
1999
803
82
751
679
1006
916
530
1603
2368
1523
2196
2241
908
1093
1452
2112
1360
105
1306
1692
1060
2137
1357
179
814
353
2400
1544
1542
1352
2169
228
2171
236
653
1443
173
2382
2057
2110
1537
1074
2145
2275
1868
383
2227
1524
1948
2203
715
2038
951
568
1430
815
575
1283
1129
1677
1151
1567
2108
768
1530
1067
1832
1671
2390
719
560
1556
2226
993
1000
1678
2200
124
2408
2147
413
1839
1035
1415
2019
57
1605
440
972
1138
2214
1527
475
1987
2115
1538
1715
1888
1724
60
1937
1858
171
906
1106
2244
1751
740
1549
1220
731
1706
429
195
370
200
352
1684
652
1149
2225
77
2287
2015
167
2324
1385
1961
830
1358
363
456
1984
750
435
335
2236
905
1374
1132
2118
382
1491
186
547
134
1226
697
749
87
946
203
1728
1407
1136
1160
607
273
207
661
2291
1246
890
1493
1165
1423
411
473
2009
1051
662
2417
392
601
2216
1776
471
1611
2314
296
1674
988
459
1685
1555
720
759
1437
2325
2412
2322
1934
1723
943
919
1310
694
268
368
388
321
49
2188
351
2052
944
1355
2067
384
1179
2355
1583
1798
406
318
676
1982
2165
1015
1787
328
1759
100
827
799
787
1023
917
2158
1128
1488
1914
285
635
137
1924
663
650
1704
850
570
1103
924
1177
1806
658
938
506
2213
1173
1019
1513
414
2168
189
2184
354
2161
991
2394
2106
2002
1248
2338
286
898
1325
1462
2163
1964
1761
2271
1641
1791
1110
1719
838
1036
565
169
1273
1846
1070
486
1351
373
2303
1733
1344
2138
555
1341
79
929
948
1424
1298
709
2295
1908
1008
2116
1484
1205
1690
816
1769
844
264
31
996
123
1804
1664
1869
434
1085
360
1196
1817
535
240
2293
1843
1935
1193
1107
603
1185
2307
1204
83
994
1986
2180
1381
2339
2064
577
2065
1856
821
1681
1808
1958
1988
1667
185
1614
2231
1080
1365
348
1264
1585
2242
1024
985
27
548
1164
1388
785
1938
1753
1633
1606
2016
851
2229
1752
1800
1989
962
122
1038
1931
968
835
492
2379
698
2409
2345
2091
293
1841
823
2132
1397
1790
640
2068
380
673
448
891
2403
2066
537
337
1001
667
1239
1159
674
464
1944
1041
1917
1590
43
1284
2054
1288
734
20
1170
790
608
1863
1265
811
2028
1954
2334
250
1463
282
748
276
1404
416
1324
1326
261
737
457
1210
1040
2010
480
470
2128
1602
1144
2150
604
1304
193
966
887
1224
1118
1560
1793
1947
2127
1910
1003
168
572
930
2253
1274
1985
1816
2371
1683
1088
326
54
637
158
2011
1115
1116
2202
675
300
1471
1277
1525
1059
2215
2088
1810
1895
266
1972
1942
365
2337
224
2144
2032
677
761
1413
1121
1495
516

1504
2221
1543
1089
1540
2358
2377
1113
2053
579
33
1098
1939
2082
2238
483
959
46
1905
1730
366
70
1034
2085
846
1289
1857
671
391
531
843
1949
1771
2414
2111
2056
206
2266
877
1140
41
1330
2387
701
964
271
561
349
308
794
1368
28
1081
1967
1854
474
390
1409
1361
278
1510
1450
1997
357
669
422
1666
56
756
936
520
262
1907
1966
744
427
157
1245
1478
1371
833
1378
1886
723
1017
1296
1767
2376
420
872
1190
828
379
80
1234
1694
1268
614
1020
2073
2125
588
1227
1894
1809
1805
745
1552
477
1195
327
566
909
1441
1175
1714
1470
1739
1029
1672
1120
1748
1943
997
912
342
1974
1321
1172
1957
2072
517
2286
1379
442
294
2329
2351
454
793
2042
918
336
1030
2262
1653
1852
358
67
1254
2347
350
2393
1440
1740
782
2134
490
143
998
822
1994
2026
1758
313
2363
2086
1465
1055
569
1327
2233
1238
797
1063
840
1086
689
499
1971
333
201
397
1648
1242
1449
729
399
597
1745
2352
1564
2256
2399
1815
1312
2051
1861
718
1157
1243
893
581
901
886
810
582
941
1792
1311
2062
1887
1219
1833
344
1647
862
859
1178
1097
1829
1477
307
21
699
2381
147
1545
1777
1699
2076
222
868
1789
86
1192
995
2360
438
892
1660
1960
162
2027
2151
1698
511
1609
2187
102
2418
2101
700
1083
1639
2317
1400
1627
2327
1770
1906
1052
1244
798
1867
2014
902
1702
174
1048
1221
1084
1486
1124
2320
1382
1077
884
967
2077
1505
1645
2402
758
767
1276
1594
198
1444
1043
778
2061
1261
961
375
1257
639
1845
284
2365
510
270
1597
237
957
184
1414
1011
900
2267
533
1145
1941
527
1859
94
2284
1447
721
1399
1057
216
1370
2281
1474
1004
760
1519
301
779
665
2173
595
132
2007
283
485
1983
426
1338
2050
1498
632
1223
1871
1396
2344
622
159
1188
2300
2259
1717
1377
1742
334
2270
691
1393
2301
620
2120
177
478
259
1280
764
1904
1862
1167
704
586
449
1636
1032
1897
1604
1009
1457
864
696
2079
1303
1782
398
1652
845
1823
541
2386
155
428
2183
1716
1831
529
1668
1406
578
65
2366
1514
330
304
1202
468
1916
2135
1650
1515
251
1599
955
2143
1587
1180
1206
1772
2308
2097
501
1426
1200
181
743
1425
1676
2374
1237
412
2060
2234
695
199
526
2397
371
925
436
907
1741
142
465
1439
2413
2008
1359
1995
518
1412
2392
1255
146
1696
1818
1252
683
1139
2217
458
2041
1628
532
692
879
455
64
274
2331
556
1169
2283
381
1945
1466
1662
820
1152
1953
491
976
2043
2273
933
1212
1902
1718
118
1512
1925
2304
191
1553
275
1348
29
602
1427
523
1335
1900
2037
127
1337
325
315
2139
205
2391
505
1801
68
2020
739
1820
2017
1176
1278
339
742
135
842
2146
574
2033
1199
878
1021
659
643
2177
1010
2385
2354
452
817
316
598
126
539
208
402
59
765
899
1228
34
920
806
1299
441
1547
1456
2230
1002
1285
197
2204
2084
690
73
1027
727
2092
914
104
2280
538
978
1610
1507
1990
1410
2222
242
1256
292
1766
525
2272
425
837
2362
1271
1166
1141
2013
559
1350
1918
1340
164
2380
1469
1432
1568
1130
670
958
2193
1333
1703
1233
770
1127
781
960
2000
1562
1468
1317
2071
947
1131
364
1133
310
1308
551
1975
1343
1328
1079
165
260
1421
89
1607
479
755
2136
1531
343
1722
897
2090
638
1774
1184
2049
615
2167
1885
1707
984
965
1225
90
2296
302
394
807
1496
1529
2228
623
225
2087
1876
2290
514
1331
705
1100
1078
1068
624
1198
418
921
14
1458
2023
2356
2288
1490
858
733
311
1891
855
2031
58
1794
536
1347
2104
2059
2285
404
746
728
1005
277
613
154
1126
183
281
1991
2140
2357
239
1082
2102
1291
1230
2058
1649
2129
1061
2198
1013
1054
660
1503
1142
323
1270
857
1354
263
1095
940
591
1926
711
647
2257
2277
1092
1734
1517
1600
1654
1588
2263
2113
2070
1584
1111
494
629
150
839
446
825
2186
1194
2407
1760
923
1860
2174
72
2123
576
2251
1962
1695
232
295
462
1807
144
1207
1438
1069
23
2155
1747
355
753
641
2083
771
1104
249
1161
763
1827
1541
1756
819
1398
2264
1746
314
40
1182
2269
2341
1634
2211
247
98
1292
1174
37
1096
2080
2396
1912
1301
587
2103
1112
128
540
180
1844
780
400
1007
1840
1294
1405
467
2328
1218
684
2095
408
680
2105
1892
1646
1181
664
512
331
1814
616
1998
752
1842
2299
791
489
55
2389
1123
393
125
1214
1209
1386
1929
1476
221
1364
1655
903
2309
450
1073
298
1909
1688
1339
829
30
1109
2220
1155
970
1459
2005
1834
883
975
1025
1883
2361
792
1472
1797
1266
775
1022
1811
2333
2219
1819
2323
1501
453
592
553
1232
2162
2252
1487
834
2078
554